0.82
1.04
0.85
1.07
1.86
1.48
1.23
1.16
1.32
1.11
0.91
1.31
0.77
1.64
0.89
0.88
1.12
1.61
0.86
0.97
1.40
0.94
0.97
1.05
0.92
1.38
1.11
1.07
0.88
0.94
0.97
0.83
0.78
0.96
0.98
1.07
1.12
0.86
0.93
2.14
1.09
1.13
1.45
1.21
1.11
3.94
0.90
0.83
0.99
0.90
1.28
1.33
0.73
0.86
1.85
1.52
1.06
1.06
0.85
1.11
0.92
0.77
1.17
0.72
0.87
1.00
0.88
0.88
1.06
1.11
1.14
1.23
0.64
1.04
1.30
0.99
0.31
0.34
0.34
0.38
0.39
0.42
0.68
0.72
0.87
1.04
1.14
2.11
2.18
1.10
1.59
1.45
0.79
0.80
1.58
1.35
1.22
1.01
1.59
1.09
1.12
1.05
1.14
0.94
0.95
0.80
1.01
1.52
0.99
1.07
1.02
1.36
1.09
1.01
0.91
0.88
1.09
1.54
0.88
1.19
0.75
0.71
0.84
1.03
0.75
0.82
1.02
0.34
0.71
1.06
1.76
1.10
0.75
1.09
1.03
1.14
1.32
1.15
1.10
0.72
0.94
1.32
1.13
1.16
1.23
1.19
0.90
1.20
0.80
1.32
1.01
2.39
1.14
0.76
0.72
0.70
1.09
0.84
1.96
1.36
0.83
1.15
1.29
1.52
1.54
1.00
0.87
0.90
1.18
0.89
1.31
0.83
1.10
0.91
1.10
1
0.83
0.95
1.16
0.96
1.43
1.23
2.01
0.96
0.83
0.78
2.04
0.90
0.87
0.42
0.90
0.80
1.07
2.03
0.89
1.25
1.34
1.49
0.92
0.72
1.35
1.42
1.06
1.22
0.90
1.93
0.97
1.03
0.90
0.83
1.46
1.29
1.80
0.89
0.90
0.84
1.11
7.88
1.06
1.19
1.16
0.98
0.94
1.40
1.07
1.15
1.09
1.40
1.13
0.96
0.89
1.37
0.98
1.48
1.01
0.89
1.01
1.09
1.05
0.99
1.04
0.54
0.95
0.96
0.64
0.64
0.73
0.74
0.74
0.76
0.77
0.77
0.78
0.97
0.95
0.96
0.98
1.21
0.88
1.02
1.34
1.10
1.05
1.25
1.27
1.19
1.03
2.33
1.16
1.05
0.95
0.93
1.14
1.02
0.91
1.24
0.89
1.02
0.69
0.72
1.20
0.70
0.92
0.92
1.22
0.72
1.09
0.81
0.78
1.75
0.84
1.10
1.05
1.06
1.05
0.95
1.02
1.51
1.36
0.95
1.15
0.67
0.81
1.25
1.06
0.73
1.11
0.69
1.17
1.00
2.49
1.23
1.55
0.97
0.91
0.88
0.95
0.81
0.81
0.89
1.08
0.35
0.99
1.59
0.40
1.19
0.87
0.84
0.40
1.09
0.71
1.07
4.46
0.91
1.40
0.92
1.14
1.03
0.86
1.39
0.97
1.00
0.80
1.11
1.21
0.86
1.46
0.74
1.01
0.51
1.08
0.34
0.89
0.35
0.97
1.04
0.83
1.24
1.18
0.85
0.90
0.86
1.04
1.98
1.20
1.08
1.14
0.82
1.03
0.85
1.22
1.08
0.93
1.14
0.98
1.08
0.96
1.30
0.97
0.52
0.96
1.14
0.92
1.14
0.87
1.05
0.99
1.52
0.89
0.71
0.97
0.90
1.03
0.80
0.99
0.94
1.05
0.93
0.92
1.05
0.96
0.83
1.07
1.51
1.12
1.40
1.27
0.82
1.41
1.09
1.01
1.13
1.01
1.23
1.32
0.36
0.83
0.81
1.12
1.09
1.94
2.05
1.04
1.07
1.28
1.23
1.50
0.82
1.04
0.93
1.02
1.10
1.05
0.89
0.96
0.80
0.70
1.09
0.56
2.44
1.06
0.96
0.97
1.13
1.19
0.84
0.89
0.53
0.55
0.58
0.58
0.77
1.16
1.22
0.36
0.36
0.39
0.40
0.40
0.60
0.77
1.09
1.01
1.05
1.10
1.06
1.04
1.13
1.08
1.08
0.82
1.26
1.09
0.79
0.87
1.42
0.87
0.95
0.88
1.26
1.13
2.45
1.61
1.07
0.79
0.80
1.44
1.29
0.84
0.70
0.39
0.63
1.21
0.38
0.98
0.72
1.04
0.44
0.70
0.71
1.08
1.22
0.43
0.39
1.45
0.45
0.73
0.37
0.39
0.57
0.67
0.62
0.69
1.90
0.76
0.85
0.75
0.82
1.22
1.51
1.10
1.11
1.37
1.38
0.89
1.17
0.67
0.76
1.10
1.02
0.93
1.09
1.37
1.99
0.91
0.95
0.96
0.89
1.12
0.85
1.36
0.85
0.77
1.24
0.91
0.77
0.79
0.81
0.33
0.89
0.82
0.76
0.97
0.96
0.85
1.28
1.17
1.09
1.06
0.92
1.06
0.74
1.13
0.94
0.98
0.80
0.88
1.20
1.22
0.95
1.22
0.82
1.03
0.83
0.92
1.03
1.24
0.86
1.71
0.84
1.33
1.15
1.50
1.46

0.85
1.35
0.88
1.20
1.12
0.94
0.99
1.39
0.95
1.34
0.92
1.18
1.16
1.25
0.96
0.79
1.05
1.09
1.34
1.26
0.97
1.51
0.90
1.62
1.06
1.01
1.12
0.89
0.84
0.99
1.51
0.87
1.12
0.72
1.06
1.36
0.68
1.16
1.31
0.37
0.75
1.12
0.80
0.78
0.34
0.68
1.05
0.97
2.64
1.48
1.27
1.11
0.88
0.68
1.16
1.16
0.97
0.75
0.97
1.06
1.42
1.32
1.25
0.81
1.02
1.15
1.02
1.03
1.25
0.95
1.12
1.20
0.98
0.83
1.49
1.36
1.10
0.98
1.24
1.08
1.13
1.09
0.94
0.98
1.53
0.86
1.07
0.84
0.57
0.60
0.90
0.48
0.79
0.98
1.39
1.29
1.16
0.92
1.15
0.95
1.48
0.93
0.85
1.00
0.89
1.34
0.81
0.87
0.61
1.63
0.78
2.11
1.08
1.31
0.95
1.72
1.36
0.86
1.03
1.24
1.14
1.46
0.84
0.94
0.44
0.94
0.96
0.79
0.69
1.27
1.83
1.11
0.42
0.70
0.68
1.55
1.09
0.92
1.48
1.09
1.09
0.94
1.02
1.11
1.32
1.07
1.09
0.67
1.36
1.17
0.80
1.10
0.93
1.33
1.13
0.82
0.76
1.06
0.78
1.00
0.79
0.64
0.61
1.81
0.86
0.87
1.67
0.81
1.70
1.00
1.08
1.70
1.07
1.16
1.52
